{
 "cells": [
  {
   "cell_type": "markdown",
   "source": [
    "Test Strategy Selector"
   ],
   "metadata": {
    "collapsed": false
   }
  },
  {
   "cell_type": "code",
   "execution_count": 1,
   "outputs": [],
   "source": [
    "from Deployer.Deployer import Deployer\n",
    "from Strategies.Alpha.Alpha import Alpha\n",
    "from Utils.utils import correlation_filter"
   ],
   "metadata": {
    "collapsed": false,
    "pycharm": {
     "name": "#%%\n"
    }
   }
  },
  {
   "cell_type": "code",
   "execution_count": 2,
   "outputs": [],
   "source": [
    "%load_ext autoreload\n",
    "%autoreload 2\n"
   ],
   "metadata": {
    "collapsed": false,
    "pycharm": {
     "name": "#%%\n"
    }
   }
  },
  {
   "cell_type": "code",
   "execution_count": 3,
   "outputs": [],
   "source": [
    "import warnings\n",
    "warnings.filterwarnings(\"ignore\")"
   ],
   "metadata": {
    "collapsed": false,
    "pycharm": {
     "name": "#%%\n"
    }
   }
  },
  {
   "cell_type": "code",
   "execution_count": 4,
   "outputs": [],
   "source": [
    "%matplotlib inline\n",
    "import matplotlib.pyplot as plt\n",
    "plt.rcParams[\"figure.figsize\"] = (15,5)\n",
    "plt.rcParams['axes.grid'] = False\n",
    "import seaborn as sns\n",
    "sns.set_style(\"whitegrid\", {'axes.grid' : False})"
   ],
   "metadata": {
    "collapsed": false,
    "pycharm": {
     "name": "#%%\n"
    }
   }
  },
  {
   "cell_type": "markdown",
   "source": [
    "Test Backtester"
   ],
   "metadata": {
    "collapsed": false,
    "pycharm": {
     "name": "#%% md\n"
    }
   }
  },
  {
   "cell_type": "code",
   "execution_count": null,
   "outputs": [],
   "source": [
    "strat = Alpha()\n",
    "strat.get_data(\".NSEI\", \"D\")\n",
    "_, ec = strat.do_backtest([250,-4,4], allocation = 1, interest_rate = 6,  plot=True, final_signal_formation=False, save_plot_to=None)"
   ],
   "metadata": {
    "collapsed": false,
    "pycharm": {
     "name": "#%%\n"
    }
   }
  },
  {
   "cell_type": "markdown",
   "source": [
    "Test Deployer"
   ],
   "metadata": {
    "collapsed": false,
    "pycharm": {
     "name": "#%% md\n"
    }
   }
  },
  {
   "cell_type": "code",
   "execution_count": 23,
   "outputs": [
    {
     "name": "stdout",
     "output_type": "stream",
     "text": [
      "Getting data\n",
      "Creating Dates\n"
     ]
    }
   ],
   "source": [
    "deployer = Deployer(strategy = Alpha, ticker = \".NSEI\", data_frequency = 'D')\n",
    "\n",
    "print(\"Getting data\")\n",
    "deployer.get_data()\n",
    "\n",
    "print(\"Creating Dates\")\n",
    "deployer.create_dates(\"3_Months\")"
   ],
   "metadata": {
    "collapsed": false,
    "pycharm": {
     "name": "#%%\n"
    }
   }
  },
  {
   "cell_type": "code",
   "execution_count": null,
   "outputs": [],
   "source": [
    "print(\"Selecting Strategies\")\n",
    "deployer.select_strategies(use_optimiser = \"BruteForce\", parallelize=True)"
   ],
   "metadata": {
    "collapsed": false,
    "pycharm": {
     "name": "#%%\n"
    }
   }
  },
  {
   "cell_type": "code",
   "execution_count": null,
   "outputs": [],
   "source": [
    "print(\"Checking Selected Strategies\")\n",
    "deployer.check_selected_strategies()"
   ],
   "metadata": {
    "collapsed": false,
    "pycharm": {
     "name": "#%%\n"
    }
   }
  },
  {
   "cell_type": "code",
   "execution_count": null,
   "outputs": [],
   "source": [
    "print(\"Filtering Strategies\")\n",
    "deployer.filter_strategies(filter_function = correlation_filter)"
   ],
   "metadata": {
    "collapsed": false,
    "pycharm": {
     "name": "#%%\n"
    }
   }
  },
  {
   "cell_type": "code",
   "execution_count": 24,
   "outputs": [
    {
     "name": "stdout",
     "output_type": "stream",
     "text": [
      "Optimizing weights\n",
      "Already processed\n",
      "[0.516071949324654, 0.48392805067534594]\n",
      "[0.8999818049547963, 0.10001819504520365]\n",
      "[0.519126581050393, 0.48087341894960706]\n",
      "[0.37253710054077227, 0.06036514271441072, 0.08543378528384538, 0.48166397146097156]\n",
      "[0.274424064324145, 0.14671802158452465, 0.24311792521145575, 0.3357399888798745]\n",
      "[0.039471942653428356, 0.12560692850417826, 0.31229331375711833, 0.522627815085275]\n",
      "[0.45505038880236, 0.4567573609811066, 0.08819225021653342]\n",
      "[0.7231796166375403, 0.2768203833624597]\n",
      "[0.5119907967661, 0.047349937242669754, 0.019789647271308972, 0.4208696187199212]\n",
      "[0.09592826209755145, 0.365610241208864, 0.5384614966935846]\n",
      "[0.2980617891241533, 0.5394590657522456, 0.16247914512360123]\n",
      "[0.44487043724148534, 0.5551295627585147]\n",
      "[0.3328059295591652, 0.4490981019944938, 0.2180959684463411]\n",
      "[0.4995904046298728, 0.5004095953701272]\n",
      "[0.3973477040244273, 0.6026522959755727]\n",
      "[0.4852944639962448, 0.5147055360037552]\n",
      "[0.9327689736281253, 0.0672310263718747]\n",
      "[0.17955473761975205, 0.298383734610792, 0.06729963543267349, 0.4077426840830347, 0.04701920825374769]\n",
      "[0.03908280266808657, 0.19166848839961, 0.07673961091927908, 0.6925090980130244]\n",
      "[0.32591656607720443, 0.11698377419598358, 0.5083242194896987, 0.04877544023711337]\n",
      "[0.6608626275269707, 0.2904025573427459, 0.04873481513028332]\n",
      "[0.3178425616398777, 0.0869512849734573, 0.5952061533866649]\n",
      "[0.5376090855558406, 0.20599898178767756, 0.2563919326564819]\n",
      "[0.6632253410127885, 0.2280276999463185, 0.10874695904089307]\n",
      "[0.054423750871757465, 0.3786295333783622, 0.5669467157498803]\n",
      "[0.9608040843441993, 0.03919591565580069]\n",
      "[0.9506516230596517, 0.049348376940348306]\n",
      "[0.13133614081564876, 0.286138471189078, 0.288857881729117, 0.2876711900502572, 0.005996316215898995]\n",
      "[0.2519323977184588, 0.07228615764162859, 0.14187753319102192, 0.08070777448604514, 0.45319613696284555]\n",
      "[0.2940857264883835, 0.06045653506221189, 0.3818760481648041, 0.0027515059250540334, 0.2608301843595464]\n",
      "[0.01948969233443274, 0.7564258859665369, 0.2240844216990304]\n",
      "[0.06346481145196631, 0.30985770047970607, 0.29643220963653194, 0.33024527843179563]\n",
      "[0.5026623998221635, 0.036673060467218646, 0.4606645397106178]\n",
      "[0.13785790222232341, 0.4158681668435213, 0.047330117824896, 0.39894381310925914]\n",
      "[0.2606278200725032, 0.19279969665817837, 0.10744111743329862, 0.43913136583601997]\n",
      "[0.024697662606356995, 0.6868310464644053, 0.04931522215680757, 0.23915606877243006]\n",
      "[0.20491035147286613, 0.05568449093618721, 0.5564801463131883, 0.18292501127775834]\n",
      "[0.01592705736154486, 0.4340435426509281, 0.49560492775873277, 0.05442447222879424]\n",
      "[0.7431273144535372, 0.1625412499285757, 0.0943314356178873]\n",
      "[0.06009481691832187, 0.9399051830816781]\n",
      "[0.9437767688894712, 0.056223231110528876]\n",
      "[0.8252945906165716, 0.1747054093834284]\n",
      "[0.7454261722054079, 0.2545738277945922]\n",
      "[0.5055383338986416, 0.4944616661013585]\n",
      "[0.4922856220965084, 0.301457104369714, 0.000776734608270696, 0.205480538925507]\n",
      "[0.32826933649390666, 0.14049040831957177, 0.2873377322884453, 0.2439025228980762]\n",
      "[0.10496479504757333, 0.5588459017511686, 0.15962108202907102, 0.17656822117218718]\n",
      "[0.46408578742274015, 0.1800668770463337, 0.3558473355309261]\n",
      "[0.4152639235748623, 0.5847360764251377]\n",
      "[0.03105566656240863, 0.4599441227380931, 0.45201172302477804, 0.056988487674720305]\n",
      "[0.6245463594716307, 0.21026751488863524, 0.16518612563973406]\n",
      "[0.045169850751660856, 0.20098437652037948, 0.7538457727279596]\n",
      "[0.20510040924883233, 0.7948995907511677]\n",
      "[0.5674214471455454, 0.3183205136029797, 0.11425803925147483]\n",
      "[0.7316706939915476, 0.26832930600845234]\n",
      "[0.801419520521881, 0.19858047947811905]\n",
      "[0.39391699831137356, 0.6060830016886264]\n",
      "[0.07981920414026016, 0.9201807958597399]\n",
      "[0.12001370651084478, 0.14090858485560026, 0.3938649500655665, 0.06994490895615803, 0.2752678496118305]\n",
      "[0.3347758228507385, 0.08069333485653907, 0.5548014121535182, 0.02972943013920432]\n",
      "[0.3293042578947336, 0.3227856618512354, 0.10592155197767576, 0.2419885282763553]\n",
      "[0.142863722578745, 0.1653931860174401, 0.6917430914038148]\n",
      "[0.31304278630247256, 0.5689366014435427, 0.11802061225398461]\n",
      "[0.4339697776592345, 0.1789254812827554, 0.38710474105801007]\n",
      "[0.04841817615540688, 0.5816786907624224, 0.36990313308217077]\n",
      "[0.38608399084516076, 0.27246658935051105, 0.3414494198043281]\n",
      "[0.745810918449992, 0.2541890815500079]\n",
      "[0.3261943033104013, 0.6738056966895988]\n",
      "[0.4638150252237881, 0.23701882471553998, 0.18572912849345008, 0.09500805998679102, 0.018428961580430895]\n",
      "[0.44387253597830956, 0.26285991235803896, 0.03532797068795595, 0.13993903790732568, 0.11800054306837009]\n",
      "[0.029808653824000986, 0.10028691072029695, 0.03825089196126931, 0.293902168531468, 0.5377513749629648]\n",
      "[0.0015695339098171456, 0.3408883352806648, 0.6575421308095181]\n",
      "[0.4146510727994692, 0.06379583953873308, 0.15870965387806724, 0.3628434337837305]\n",
      "[0.034467945160418435, 0.7256901154995828, 0.2398419393399988]\n",
      "[0.04237120440096558, 0.012342053800667925, 0.2939757709982551, 0.6513109708001115]\n",
      "[0.08316197037765714, 0.17951264764018565, 0.23693124981956054, 0.5003941321625966]\n",
      "[0.7516219727021981, 0.04554675403584232, 0.18823469586169622, 0.014596577400263367]\n",
      "[0.0010544610668906647, 0.23845849371509933, 0.7456706567720272, 0.014816388445982723]\n",
      "[0.015196892509131282, 0.31000175970106697, 0.034202648227980866, 0.6405986995618209]\n",
      "[0.9037220772278468, 0.009082746706926308, 0.08719517606522686]\n",
      "[0.8627872913953839, 0.13721270860461615]\n",
      "[0.37527227738532437, 0.6247277226146757]\n",
      "[0.05167730231148578, 0.9483226976885142]\n",
      "[0.5302139849495356, 0.4697860150504642]\n"
     ]
    }
   ],
   "source": [
    "print(\"Optimizing weights\")\n",
    "deployer.optimize_weights()"
   ],
   "metadata": {
    "collapsed": false,
    "pycharm": {
     "name": "#%%\n"
    }
   }
  },
  {
   "cell_type": "code",
   "execution_count": 25,
   "outputs": [
    {
     "name": "stdout",
     "output_type": "stream",
     "text": [
      "Selecting best and mailing results\n",
      "        params  weights\n",
      "0  (230, 0, 0)        1\n",
      "        params  weights\n",
      "0  (230, 0, 0)        1\n",
      "          params   weights\n",
      "0    (230, 0, 0)  0.530214\n",
      "1  (210, -1, -1)  0.469786\n"
     ]
    },
    {
     "data": {
      "text/plain": "<Figure size 1080x360 with 0 Axes>"
     },
     "metadata": {},
     "output_type": "display_data"
    }
   ],
   "source": [
    "print(\"Selecting best and mailing results\")\n",
    "deployer.select_best_and_mail_results(list = [\"Suprabhash\"])"
   ],
   "metadata": {
    "collapsed": false,
    "pycharm": {
     "name": "#%%\n"
    }
   }
  },
  {
   "cell_type": "code",
   "execution_count": null,
   "outputs": [],
   "source": [],
   "metadata": {
    "collapsed": false,
    "pycharm": {
     "name": "#%%\n"
    }
   }
  }
 ],
 "metadata": {
  "kernelspec": {
   "display_name": "Python 3",
   "language": "python",
   "name": "python3"
  },
  "language_info": {
   "codemirror_mode": {
    "name": "ipython",
    "version": 2
   },
   "file_extension": ".py",
   "mimetype": "text/x-python",
   "name": "python",
   "nbconvert_exporter": "python",
   "pygments_lexer": "ipython2",
   "version": "2.7.6"
  }
 },
 "nbformat": 4,
 "nbformat_minor": 0
}